[12,
 104,
 101,
 108,
 108,
 111,
 32,
 119,
 111,
 114,
 108,
 100,
 33,
 0,
 0,
 0,
 0,
 0,
 0,
 0,
 0,
 0,
 0,
 0,
 0,
 0,
 0,
 0,
 0,
 0,
 0,
 0,
 0,
 0,
 0,
 0,
 0,
 0,
 0,
 0,
 0,
 0,
 0,
 0,
 0,
 0,
 0,
 0,
 0,
 0,
 0,
 0,
 0,
 0,
 0,
 0,
 0,
 0,
 0,
 0,
 0,
 0,
 0,
 0,
 0,
 0,
 0,
 0,
 0,
 0,
 0,
 0,
 0,
 0,
 0,
 0,
 0,
 0,
 0,
 0,
 0,
 0,
 0,
 0,
 0,
 0,
 0,
 0,
 0,
 0,
 0,
 0,
 0,
 0,
 0,
 0,
 0,
 0,
 0,
 0,
 {"index": 0, "opcode": "add_str", "arg": ["12", "'hello world!'"], "term": [2, 0, "add_str 12,'hello world!'"]},
 {"index": 1, "opcode": "print_str", "arg": [0], "term": [3, 0, "print_str hello"]},
 {"index": 2, "opcode": "halt", "term": [4, 0, "halt"]}]